[Сводка волн для графика]
волна	длит_игр	длит_реал	врагов	путь_гексов	путь_макс%	путь_ср%	руда_трат	руда_сек	руда_доб	майнер_гексов	руда_центр	руда_серед	руда_конец	до_0	до_1	до_2	до_3	до_4	до_5	0->1	1->2	2->3	3->4	4->5	hp_игрока	lvl_игрока	xp_всего	пропущено_врагов	руда_всего	успех
1	16.6	4.9	5	141	18	17	0	0.1	0	1	0	0	0	100	0	0	0	0	0	0.0	0.0	0.0	0.0	0.0	100	1	50	0	0	11
2	39.5	9.9	9	146	47	29	2	0.2	1	2	2	0	0	100	33	33	0	0	0	12.3	6.0	0.0	0.0	0.0	100	1	140	0	2	11
3	26.4	6.6	11	149	24	22	3	0.4	2	3	3	0	0	100	0	0	0	0	0	0.0	0.0	0.0	0.0	0.0	100	1	261	0	4	12
4	71.8	17.9	10	160	90	60	9	0.5	3	4	9	0	0	90	80	80	60	60	10	11.8	5.5	11.4	5.5	11.3	100	1	371	0	14	12
5	31.5	7.9	13	161	27	23	7	0.9	5	5	7	0	0	77	0	0	0	0	0	0.0	0.0	0.0	0.0	0.0	100	1	514	0	20	13
6	54.2	13.5	39	161	53	31	13	1.0	5	5	13	0	0	90	23	23	0	0	0	13.3	6.0	0.0	0.0	0.0	100	2	943	0	34	13
7	14.5	3.6	19	161	27	12	13	3.6	6	5	8	0	5	5	0	0	0	0	0	0.0	0.0	0.0	0.0	0.0	100	2	1161	0	47	14
8	20.8	5.2	15	166	11	10	10	1.9	6	5	10	0	0	0	0	0	0	0	0	0.0	0.0	0.0	0.0	0.0	100	2	1341	0	62	14
9	21.8	5.4	16	169	12	11	18	3.3	6	5	13	0	5	0	0	0	0	0	0	0.0	0.0	0.0	0.0	0.0	100	2	1533	0	80	15
10	28.5	8.3	1	173	24	24	8	0.9	12	5	8	0	0	100	0	0	0	0	0	0.0	0.0	0.0	0.0	0.0	100	2	1546	0	88	16
11	72.1	18.0	20	180	63	59	51	2.8	15	5	37	9	5	100	95	95	85	0	0	13.6	9.2	13.2	0.0	0.0	100	2	1800	0	138	16
12	44.2	11.1	24	183	77	56	30	2.7	16	6	22	8	0	100	96	96	42	4	0	7.3	5.6	7.0	6.4	0.0	100	2	2112	0	168	16
13	39.0	9.7	19	133	42	26	14	1.5	19	7	9	5	0	100	42	42	0	0	0	12.8	6.3	0.0	0.0	0.0	100	2	2359	0	183	17
14	43.6	10.9	27	190	39	25	24	2.2	23	8	12	12	0	81	26	0	0	0	0	11.3	0.0	0.0	0.0	0.0	100	3	2710	0	207	17
15	23.1	5.7	37	194	9	8	14	2.5	17	9	4	5	5	0	0	0	0	0	0	0.0	0.0	0.0	0.0	0.0	100	3	3212	0	221	18
16	24.4	6.1	28	219	10	8	11	1.7	17	9	4	6	0	0	0	0	0	0	0	0.0	0.0	0.0	0.0	0.0	100	3	3604	0	231	18
17	72.1	18.0	25	133	87	69	32	1.8	25	9	16	16	0	100	96	96	80	80	32	12.8	6.2	12.6	6.2	12.9	100	3	3942	0	266	18
18	31.9	8.0	50	241	9	8	16	2.0	21	9	9	8	0	0	0	0	0	0	0	0.0	0.0	0.0	0.0	0.0	100	4	4642	0	283	18
19	52.6	13.1	21	247	32	21	39	2.9	22	9	11	10	18	86	33	0	0	0	0	14.4	0.0	0.0	0.0	0.0	100	4	4936	0	321	19
20	97.6	27.3	1	263	57	57	21	0.8	18	9	10	6	5	100	100	100	0	0	0	24.5	25.2	0.0	0.0	0.0	100	4	4950	0	342	19
21	22.3	5.5	26	315	7	7	27	4.8	19	10	11	7	9	0	0	0	0	0	0	0.0	0.0	0.0	0.0	0.0	100	4	5331	0	369	20
22	28.9	7.2	26	318	8	7	20	2.7	22	11	12	8	0	0	0	0	0	0	0	0.0	0.0	0.0	0.0	0.0	100	4	5721	0	388	20
23	53.0	13.2	56	133	42	17	17	1.3	23	12	11	6	0	100	5	5	0	0	0	16.2	5.8	0.0	0.0	0.0	100	5	6561	0	405	21
24	29.0	7.2	25	358	10	10	14	2.0	19	13	8	6	0	0	0	0	0	0	0	0.0	0.0	0.0	0.0	0.0	100	5	6942	0	419	22
25	25.8	6.4	30	374	11	10	14	2.2	13	13	9	5	0	0	0	0	0	0	0	0.0	0.0	0.0	0.0	0.0	100	5	7422	0	433	22
26	78.1	19.5	30	133	100	98	33	1.7	20	13	16	8	9	100	100	100	100	100	100	11.9	5.4	11.3	5.7	11.0	42	5	7492	25	467	18
[Руда по вышкам за раунд] (игр. время раунда 1063.4 с)
вышка	def_id	руда_всего	руда_сек
Вулкан	TOWER_VOLCANO	89.7	0.08
Сильвер	TOWER_SILVER	56.9	0.05
Сильвер Найт	TOWER_SILVER_KNIGHT	34.3	0.03
Вивид Малахит	TOWER_VIVID_MALACHITE	33.4	0.03
Рубин	TOWER_RUBY	32.0	0.03
NA (Снижение физ. брони) Lv.1	NA1	29.0	0.03
PO (Сплит-чист.) Lv.1	PO1	26.4	0.02
TA (Физ. атака) Lv.2	TA2	19.8	0.02
Jade (Яд)	TOWER_JADE	13.4	0.01
DE (Аура) Lv.1	DE1	11.6	0.01
TE (Маг. атака) Lv.2	TE2	7.8	0.01
Кварц	TOWER_QUARTZ	6.8	0.01
NI (Замедление) Lv.1	NI1	5.0	0.00
PA (Сплит-физ.) Lv.1	PA1	4.8	0.00
TO (Чист. атака) Lv.2	TO2	4.4	0.00
Лакичинз	TOWER_LAKICHINZ	2.5	0.00
NU (Яд) Lv.2	NU2	2.2	0.00
Стена	TOWER_WALL	1.2	0.00
NA (Снижение физ. брони) Lv.2	NA2	0.7	0.00
