[Сводка волн для графика]
волна	длит_игр	длит_реал	врагов	путь_гексов	путь_макс%	путь_ср%	руда_трат	руда_сек	руда_доб	майнер_гексов	руда_центр	руда_серед	руда_конец	до_0	до_1	до_2	до_3	до_4	до_5	0->1	1->2	2->3	3->4	4->5	hp_игрока	lvl_игрока	xp_всего	пропущено_врагов	руда_всего	успех
1	46.3	12.3	5	128	66	64	1	0.1	0	1	1	0	0	100	100	100	100	0	0	5.9	12.3	5.9	0.0	0.0	100	1	50	0	1	1
2	47.0	11.7	9	130	63	56	2	0.2	1	2	2	0	0	100	100	78	78	0	0	5.9	12.3	5.9	0.0	0.0	100	1	140	0	3	1
3	30.6	7.6	11	137	31	30	3	0.4	2	3	3	0	0	100	100	0	0	0	0	6.0	0.0	0.0	0.0	0.0	100	1	250	0	11	1
4	30.0	7.5	9	138	33	32	9	1.2	3	4	4	0	5	100	100	0	0	0	0	5.4	0.0	0.0	0.0	0.0	100	1	346	0	20	1
5	44.3	11.1	12	139	58	35	6	0.5	5	5	6	0	0	100	100	8	8	0	0	5.9	12.3	5.9	0.0	0.0	100	1	478	0	26	1
6	31.5	7.9	14	143	32	17	8	1.0	6	5	8	0	0	29	29	0	0	0	0	6.0	0.0	0.0	0.0	0.0	100	2	632	0	39	1
7	21.1	5.3	14	149	15	13	7	1.3	6	5	7	0	0	0	0	0	0	0	0	0.0	0.0	0.0	0.0	0.0	100	2	786	0	46	1
8	23.6	5.9	19	154	34	19	15	2.5	6	5	10	0	5	32	26	0	0	0	0	3.2	0.0	0.0	0.0	0.0	100	2	1014	0	61	1
9	80.8	20.2	42	156	87	55	47	2.3	6	5	42	0	5	98	98	67	67	7	7	6.1	13.6	9.9	13.1	6.1	100	2	1518	0	108	1
10	104.7	45.5	1	162	91	91	40	0.9	6	5	40	0	0	100	100	100	100	100	100	6.7	21.1	19.4	19.1	6.7	100	2	1529	0	148	1
11	49.0	14.1	20	165	49	33	26	1.8	9	6	22	4	0	95	95	5	0	0	0	5.1	14.6	0.0	0.0	0.0	100	2	1749	0	174	1
12	54.3	13.6	16	165	49	38	24	1.8	11	7	17	8	0	100	100	19	0	0	0	6.7	16.0	0.0	0.0	0.0	100	2	1931	0	198	1
13	62.8	15.7	21	171	100	77	25	1.6	14	8	0	25	0	100	100	95	71	57	57	3.7	9.4	8.1	8.2	5.2	76	2	2084	7	223	1
14	88.6	22.1	24	173	97	79	39	1.8	16	9	0	34	5	100	100	92	83	67	54	7.4	14.3	12.6	15.1	10.1	76	2	2324	7	262	1
15	35.6	8.9	13	126	39	36	10	1.1	18	10	0	10	0	100	100	0	0	0	0	7.0	0.0	0.0	0.0	0.0	76	3	2454	7	272	1
16	31.9	8.0	17	195	28	17	11	1.4	19	10	0	11	0	41	41	0	0	0	0	4.4	0.0	0.0	0.0	0.0	76	3	2626	7	283	1
17	77.2	19.3	16	126	100	59	25	1.3	19	10	0	20	5	100	100	63	63	13	13	6.9	13.8	6.8	13.3	6.9	68	3	2775	9	308	1
18	63.4	15.8	13	198	49	36	22	1.4	21	10	0	22	0	100	100	23	0	0	0	9.1	21.6	0.0	0.0	0.0	68	3	2911	9	330	1
19	113.7	28.4	33	199	88	66	97	3.4	21	10	56	32	9	100	100	94	73	27	27	9.1	21.9	19.0	14.8	11.3	68	3	3263	9	426	1
20	141.2	112.1	1	209	100	100	34	0.3	25	10	13	21	0	100	100	100	100	100	100	9.8	26.8	26.0	20.8	12.1	36	3	3263	10	460	1
21	83.3	40.6	7	219	64	49	23	0.6	28	11	0	18	5	100	100	86	14	0	0	9.2	21.9	21.4	0.0	0.0	36	3	3347	10	483	1
22	29.3	11.2	7	237	26	14	5	0.5	30	12	0	5	0	29	29	0	0	0	0	5.8	0.0	0.0	0.0	0.0	36	3	3425	10	489	1
23	62.2	38.3	9	237	61	50	27	0.7	33	13	7	11	9	100	100	89	44	0	0	6.5	14.7	15.4	0.0	0.0	36	3	3524	10	515	1
24	36.4	34.0	9	242	47	41	20	0.6	36	14	5	10	5	100	100	67	0	0	0	5.9	10.3	0.0	0.0	0.0	36	3	3623	10	535	1
25	26.4	26.4	11	126	35	34	11	0.4	31	14	3	4	5	100	100	0	0	0	0	5.6	0.0	0.0	0.0	0.0	36	3	3744	10	547	1
26	73.4	46.1	12	245	44	39	49	1.1	29	14	18	22	9	100	100	67	0	0	0	13.9	22.6	0.0	0.0	0.0	36	3	3876	10	596	1
27	51.9	14.0	16	259	29	27	28	2.0	28	14	13	15	0	100	88	0	0	0	0	12.8	0.0	0.0	0.0	0.0	36	3	4037	10	624	1
28	37.1	9.3	25	126	35	34	14	1.5	21	14	6	8	0	100	100	0	0	0	0	6.9	0.0	0.0	0.0	0.0	36	3	4287	10	639	1
29	56.8	14.2	21	297	28	25	38	2.7	24	14	15	23	0	100	100	0	0	0	0	12.1	0.0	0.0	0.0	0.0	36	3	4497	10	676	1

[Руда по вышкам за раунд] (игр. время раунда 1634.2 с)
вышка	def_id	руда_всего	руда_сек
Сильвер	TOWER_SILVER	135.6	0.08
Вивид Малахит	TOWER_VIVID_MALACHITE	106.8	0.07
Аурига	TOWER_AURIGA	78.3	0.05
Малахит	TOWER_MALACHITE	55.7	0.03
Дипсеа	TOWER_DIPSEA	46.6	0.03
Либра	TOWER_LIBRA	43.4	0.03
Jade (Яд)	TOWER_JADE	35.3	0.02
Вулкан	TOWER_VOLCANO	26.1	0.02
NE (Снижение маг. брони) Lv.1	NE1	13.4	0.01
Рубин	TOWER_RUBY	11.0	0.01
NI (Замедление) Lv.2	NI2	10.9	0.01
Кайлун	TOWER_KAILUN	8.0	0.00
PE (Сплит-маг.) Lv.3	PE3	3.0	0.00
TE (Маг. атака) Lv.1	TE1	3.0	0.00
TO (Чист. атака) Lv.1	TO1	2.9	0.00
PO (Сплит-чист.) Lv.2	PO2	2.4	0.00
TA (Физ. атака) Lv.1	TA1	1.7	0.00
Маяк	TOWER_LIGHTHOUSE	1.6	0.00
PA (Сплит-физ.) Lv.1	PA1	1.2	0.00
NA (Снижение физ. брони) Lv.1	NA1	0.2	0.00
