[Сводка волн для графика]
волна	длит_игр	длит_реал	врагов	путь_гексов	путь_макс%	путь_ср%	руда_трат	руда_сек	руда_доб	майнер_гексов	руда_центр	руда_серед	руда_конец	до_0	до_1	до_2	до_3	до_4	до_5	0->1	1->2	2->3	3->4	4->5	hp_игрока	lvl_игрока	xp_всего	пропущено_врагов	руда_всего	успех
1	42.4	11.5	5	111	70	59	0	0.0	0	1	0	0	0	100	100	60	60	0	0	8.4	12.3	5.9	0.0	0.0	100	1	50	0	0	11
2	52.7	13.2	9	120	71	47	3	0.2	1	2	3	0	0	100	100	11	11	0	0	9.9	15.8	5.9	0.0	0.0	100	1	140	0	8	11
3	15.7	3.9	11	143	10	9	3	0.7	2	3	3	0	0	0	0	0	0	0	0	0.0	0.0	0.0	0.0	0.0	100	1	256	0	11	12
4	32.5	8.1	10	147	30	16	7	0.9	3	4	7	0	0	20	0	0	0	0	0	0.0	0.0	0.0	0.0	0.0	100	1	366	0	18	12
5	34.9	8.7	13	151	30	19	9	1.1	5	5	9	0	0	38	0	0	0	0	0	0.0	0.0	0.0	0.0	0.0	100	1	509	0	27	13
6	19.9	5.0	19	159	29	11	13	2.6	6	5	8	0	5	11	0	0	0	0	0	0.0	0.0	0.0	0.0	0.0	100	2	722	0	40	14
7	24.2	6.0	15	163	15	11	14	2.2	6	5	14	0	0	0	0	0	0	0	0	0.0	0.0	0.0	0.0	0.0	100	2	902	0	54	14
8	19.2	4.8	16	177	8	7	6	1.3	6	5	6	0	0	0	0	0	0	0	0	0.0	0.0	0.0	0.0	0.0	100	2	1094	0	65	15
9	27.9	7.0	45	190	10	8	22	3.2	6	5	17	0	5	0	0	0	0	0	0	0.0	0.0	0.0	0.0	0.0	100	2	1634	0	87	15
10	67.2	18.6	1	200	22	22	31	1.7	6	5	31	0	0	100	0	0	0	0	0	0.0	0.0	0.0	0.0	0.0	100	2	1647	0	123	16
11	29.4	7.3	19	98	31	30	13	1.8	9	6	11	2	0	100	100	0	0	0	0	6.7	0.0	0.0	0.0	0.0	100	2	1894	0	136	16
12	23.4	5.8	35	219	8	8	15	2.6	12	7	11	4	0	0	0	0	0	0	0	0.0	0.0	0.0	0.0	0.0	100	2	2349	0	151	17
13	37.4	9.3	22	225	20	16	24	2.6	16	8	15	9	0	73	0	0	0	0	0	0.0	0.0	0.0	0.0	0.0	100	3	2641	0	175	18
14	48.7	12.2	27	229	44	31	33	2.7	18	9	20	14	0	96	63	26	0	0	0	11.2	8.1	0.0	0.0	0.0	100	3	3019	0	208	18
15	27.3	6.8	28	267	5	5	8	1.2	20	10	2	6	0	0	0	0	0	0	0	0.0	0.0	0.0	0.0	0.0	100	3	3411	0	216	19
16	26.1	6.5	30	299	6	5	16	2.5	22	10	3	9	5	0	0	0	0	0	0	0.0	0.0	0.0	0.0	0.0	100	3	3831	0	233	19
17	21.4	5.3	22	349	4	4	7	1.3	15	10	2	5	0	0	0	0	0	0	0	0.0	0.0	0.0	0.0	0.0	100	3	4156	0	239	20
18	69.5	17.3	28	98	100	83	30	1.8	25	10	9	21	0	100	100	96	96	50	50	6.2	15.2	6.1	15.8	6.1	67	3	4353	14	270	17
19	33.0	8.2	47	394	5	4	25	3.1	26	10	1	15	9	0	0	0	0	0	0	0.0	0.0	0.0	0.0	0.0	67	4	5011	14	295	18
20	49.0	13.7	1	406	6	6	26	1.9	27	9	10	11	5	0	0	0	0	0	0	0.0	0.0	0.0	0.0	0.0	67	4	5025	14	321	19
21	31.5	7.8	38	422	4	4	28	3.6	21	10	9	10	9	0	0	0	0	0	0	0.0	0.0	0.0	0.0	0.0	67	4	5557	14	349	19
22	22.9	5.7	26	438	4	3	13	2.4	19	11	7	7	0	0	0	0	0	0	0	0.0	0.0	0.0	0.0	0.0	67	4	5939	14	365	20
23	126.4	31.5	32	483	24	6	44	1.4	35	12	17	22	5	9	0	0	0	0	0	0.0	0.0	0.0	0.0	0.0	67	5	6419	14	410	20
24	21.0	5.2	24	497	3	3	7	1.2	18	13	3	4	0	0	0	0	0	0	0	0.0	0.0	0.0	0.0	0.0	67	5	6779	14	416	21
25	20.2	5.0	29	504	4	3	10	1.9	12	14	4	6	0	0	0	0	0	0	0	0.0	0.0	0.0	0.0	0.0	67	5	7224	14	426	22
26	153.9	38.5	28	542	24	9	59	1.5	43	14	28	26	5	21	0	0	0	0	0	0.0	0.0	0.0	0.0	0.0	67	5	7672	14	485	22
27	64.9	16.2	61	98	70	57	18	1.1	21	14	9	9	0	100	100	74	74	0	0	6.0	12.2	6.1	0.0	0.0	67	5	8648	14	503	22
28	40.4	10.0	52	611	6	5	14	1.4	10	14	5	4	5	0	0	0	0	0	0	0.0	0.0	0.0	0.0	0.0	67	5	9480	14	516	23
29	62.4	15.6	32	98	100	65	27	1.7	25	14	15	12	0	100	100	91	91	6	6	5.5	13.7	5.5	10.8	5.5	63	5	9960	16	543	23
30	75.2	18.8	2	98	100	85	27	1.5	17	14	10	8	9	100	100	100	100	50	50	6.1	24.3	6.3	24.9	6.2	23	5	9976	17	571	20
31	157.3	39.3	40	669	24	9	65	1.7	49	15	32	33	0	13	0	0	0	0	0	0.0	0.0	0.0	0.0	0.0	23	5	10576	17	636	21
32	166.8	41.7	21	675	36	24	108	2.6	60	16	54	49	5	81	24	0	0	0	0	59.3	0.0	0.0	0.0	0.0	23	5	10891	17	744	21
33	194.1	48.5	25	695	39	19	112	2.3	57	17	62	39	11	56	20	0	0	0	0	70.6	0.0	0.0	0.0	0.0	23	5	11281	17	859	22
34	255.5	63.8	26	714	94	60	112	1.8	57	18	52	41	19	100	96	88	65	23	4	57.9	33.8	38.5	34.5	21.3	23	5	11697	17	974	22
35	64.0	16.0	121	730	5	4	11	0.7	39	19	3	5	3	0	0	0	0	0	0	0.0	0.0	0.0	0.0	0.0	23	5	13633	17	988	23
36	53.9	13.4	46	763	6	6	18	1.3	38	19	4	9	5	0	0	0	0	0	0	0.0	0.0	0.0	0.0	0.0	23	5	14369	17	1009	23
37	222.3	55.6	27	98	373	144	92	1.7	62	19	28	39	25	100	85	30	19	0	0	29.3	29.6	5.4	0.0	0.0	23	5	14806	17	1104	24
38	280.3	70.0	28	802	46	21	158	2.3	65	19	50	63	45	61	29	21	0	0	0	89.1	56.2	0.0	0.0	0.0	23	5	15282	17	1262	24
39	291.1	72.7	36	833	96	55	156	2.1	53	19	38	74	44	94	81	67	53	31	11	56.0	41.8	42.0	40.8	32.3	23	5	15894	17	1418	24
40	281.7	71.8	3	875	21	17	87	1.2	72	19	27	21	38	100	100	0	0	0	0	0.0	0.0	0.0	0.0	0.0	23	5	15945	17	1505	25
[Руда по вышкам за раунд] (игр. время раунда 3287.6 с)
вышка	def_id	руда_всего	руда_сек
Грус	TOWER_GRUSS	386.8	0.12
Либра	TOWER_LIBRA	217.1	0.07
Сильвер Найт	TOWER_SILVER_KNIGHT	195.9	0.06
Голд	TOWER_GOLD	129.7	0.04
Рубин	TOWER_RUBY	82.8	0.03
Вулкан	TOWER_VOLCANO	78.4	0.02
Кайлун	TOWER_KAILUN	74.1	0.02
NU (Яд) Lv.3	NU3	41.6	0.01
Дипсеа	TOWER_DIPSEA	40.4	0.01
TE (Маг. атака) Lv.2	TE2	29.2	0.01
NI (Замедление) Lv.2	NI2	20.0	0.01
NA (Снижение физ. брони) Lv.1	NA1	19.2	0.01
PE (Сплит-маг.) Lv.1	PE1	12.5	0.00
TO (Чист. атака) Lv.1	TO1	6.8	0.00
DA (Аура урона) Lv.2	DA2	6.0	0.00
Маяк	TOWER_LIGHTHOUSE	6.0	0.00
PO (Сплит-чист.) Lv.1	PO1	5.7	0.00
PA (Сплит-физ.) Lv.1	PA1	4.7	0.00
PE (Сплит-маг.) Lv.2	PE2	3.8	0.00
Парайба	TOWER_PARAIBA	3.5	0.00
NU (Яд) Lv.1	NU1	2.6	0.00
Стена	TOWER_WALL	0.5	0.00
