[Сводка волн для графика]
волна	длит_игр	длит_реал	врагов	путь_гексов	путь_макс%	путь_ср%	руда_трат	руда_сек	руда_доб	майнер_гексов	руда_центр	руда_серед	руда_конец	до_0	до_1	до_2	до_3	до_4	до_5	0->1	1->2	2->3	3->4	4->5	hp_игрока	lvl_игрока	xp_всего	пропущено_врагов	руда_всего	успех
1	31.0	8.6	5	142	39	30	1	0.1	0	1	1	0	0	100	60	60	0	0	0	12.7	5.9	0.0	0.0	0.0	100	1	50	0	1	1
2	41.0	10.3	9	148	47	38	2	0.2	1	2	2	0	0	100	67	67	0	0	0	12.8	5.9	0.0	0.0	0.0	100	1	140	0	3	1
3	15.8	3.9	11	163	9	8	2	0.5	2	3	2	0	0	0	0	0	0	0	0	0	0.0	0.0	0.0	0.0	0.0	100	1	261	0	5	1
4	82.0	20.5	10	169	100	73	7	0.3	3	4	7	0	0	100	100	100	70	70	20	13.3	5.5	12.3	5.5	11.4	84	1	349	2	11	1
5	19.4	4.9	12	169	11	11	9	1.8	5	5	4	0	5	0	0	0	0	0	0	0.0	0.0	0.0	0.0	0.0	84	1	481	2	20	1
6	41.1	10.3	18	169	75	63	11	1.1	6	5	11	0	0	100	100	100	39	33	0	7.3	3.0	6.9	3.1	0.0	84	2	679	2	31	1
7	85.3	21.3	15	170	91	79	27	1.3	6	5	27	0	0	100	100	100	87	87	40	15.3	6.1	13.6	6.0	12.5	84	2	844	2	59	1
8	21.5	5.4	36	180	8	7	18	3.3	6	5	8	0	10	0	0	0	0	0	0	0.0	0.0	0.0	0.0	0.0	84	2	1240	2	76	1
9	39.5	9.8	14	191	32	30	28	2.8	6	5	28	0	0	100	0	0	0	0	0	0.0	0.0	0.0	0.0	0.0	84	2	1394	2	104	1
10	104.5	26.1	1	197	93	93	31	1.2	7	5	31	0	0	100	100	100	100	100	100	21.5	10.1	18.5	6.8	15.9	84	2	1405	2	139	1
11	21.1	5.3	15	200	11	10	18	3.3	7	6	18	0	0	0	0	0	0	0	0	0.0	0.0	0.0	0.0	0.0	84	2	1570	2	157	1
12	38.9	9.7	19	201	57	36	36	3.7	9	7	25	6	5	100	21	21	0	0	0	10.7	5.6	0.0	0.0	0.0	84	2	1779	2	193	1
13	20.2	11.0	15	133	15	15	12	1.1	11	8	7	4	0	100	0	0	0	0	0	0.0	0.0	0.0	0.0	0.0	84	2	1948	2	204	1
14	41.5	11.6	22	216	31	29	31	2.7	15	9	4	27	0	100	0	0	0	0	0	0.0	0.0	0.0	0.0	0.0	84	2	2212	2	235	1
15	19.6	4.9	30	218	7	7	7	1.5	18	10	0	7	0	0	0	0	0	0	0	0.0	0.0	0.0	0.0	0.0	84	3	2572	2	243	1
16	18.0	4.5	18	232	6	6	4	1.0	18	10	0	4	0	0	0	0	0	0	0	0.0	0.0	0.0	0.0	0.0	84	3	2788	2	247	1
17	24.6	6.1	42	246	5	5	8	1.2	19	10	0	8	0	0	0	0	0	0	0	0.0	0.0	0.0	0.0	0.0	84	3	3328	2	255	1
18	28.5	7.1	25	255	19	12	15	2.2	21	10	0	15	0	8	0	0	0	0	0	0.0	0.0	0.0	0.0	0.0	84	3	3653	2	270	1
19	81.7	20.4	23	133	100	100	68	3.3	19	10	0	59	9	100	100	100	100	100	100	12.6	6.2	12.4	6.2	12.7	8	3	3653	25	337	1
20	34.0	14.4	1	276	21	21	16	1.1	25	10	0	11	5	100	0	0	0	0	0	0.0	0.0	0.0	0.0	0.0	8	3	3663	25	357	1
21	55.9	55.9	12	288	68	48	48	0.9	34	11	10	29	9	100	100	75	17	17	0	10.0	9.0	11.8	3.0	0.0	8	3	3783	25	405	1
22	16.8	5.8	12	306	9	7	14	2.5	31	12	13	2	0	0	0	0	0	0	0	0.0	0.0	0.0	0.0	0.0	8	3	3903	25	419	1
23	79.4	33.8	14	306	66	44	69	2.0	36	13	52	11	5	93	79	79	7	7	0	16.0	14.1	17.6	4.4	0.0	8	3	4043	25	488	1
24	19.5	10.4	26	310	5	4	17	1.6	28	13	10	2	5	0	0	0	0	0	0	0.0	0.0	0.0	0.0	0.0	8	3	4303	25	505	1
25	16.7	5.5	14	310	8	4	10	1.7	25	14	7	1	1	0	0	0	0	0	0	0.0	0.0	0.0	0.0	0.0	8	3	4452	25	514	1
26	65.0	24.8	24	326	19	12	55	2.2	23	14	36	8	12	42	0	0	0	0	0	0.0	0.0	0.0	0.0	0.0	8	4	4716	25	569	1
27	195.1	48.7	19	342	100	15	85	1.7	28	14	58	10	17	26	5	5	5	5	5	43.2	29.4	29.6	3.8	25.7	4	4	4914	26	654	1
28	88.3	22.1	36	133	100	16	28	1.3	23	14	9	6	13	100	3	3	3	3	3	16.1	6.1	15.4	6.1	15.0	1	4	5299	27	685	1
[Руда по вышкам за раунд] (игр. время раунда 1346.1 с)
вышка	def_id	руда_всего	руда_сек
Вулкан	TOWER_VOLCANO	191.1	0.14
Вивид Малахит	TOWER_VIVID_MALACHITE	129.2	0.10
Аурига	TOWER_AURIGA	69.7	0.05
Малахит	TOWER_MALACHITE	49.4	0.04
Кайлун	TOWER_KAILUN	25.2	0.02
NA (Снижение физ. брони) Lv.2	NA2	22.8	0.02
TA (Физ. атака) Lv.1	TA1	22.0	0.02
Маяк	TOWER_LIGHTHOUSE	17.7	0.01
Изумруд	TOWER_EMERALD	14.9	0.01
PE (Сплит-маг.) Lv.1	PE1	11.5	0.01
NE (Снижение маг. брони) Lv.2	NE2	10.8	0.01
PE (Сплит-маг.) Lv.2	PE2	7.6	0.01
PO (Сплит-чист.) Lv.2	PO2	6.6	0.00
TE (Маг. атака) Lv.1	TE1	5.3	0.00
DE (Аура) Lv.1	DE1	3.9	0.00
TO (Чист. атака) Lv.1	TO1	2.2	0.00
Дипсеа	TOWER_DIPSEA	2.1	0.00
Стена	TOWER_WALL	0.9	0.00
Кварц	TOWER_QUARTZ	0.2	0.00
