[Сводка волн для графика]
волна	длит_игр	длит_реал	врагов	путь_гексов	путь_макс%	путь_ср%	руда_трат	руда_сек	руда_доб	майнер_гексов	руда_центр	руда_серед	руда_конец	до_0	до_1	до_2	до_3	до_4	до_5	0->1	1->2	2->3	3->4	4->5	hp_игрока	lvl_игрока	xp_всего	пропущено_врагов	руда_всего	успех
1	35.2	9.6	5	141	45	38	0	0.0	0	1	0	0	0	100	80	80	0	0	0	12.3	5.9	0.0	0.0	0.0	100	1	50	0	0	1
2	61.0	15.2	9	147	76	64	3	0.2	1	2	3	0	0	100	89	89	78	78	0	12.9	6.0	12.4	6.0	0.0	100	1	140	0	4	1
3	17.0	4.2	11	159	10	9	2	0.4	2	3	2	0	0	0	0	0	0	0	0	0.0	0.0	0.0	0.0	0.0	100	1	250	0	5	1
4	79.3	19.8	9	164	100	74	9	0.5	3	4	9	0	0	100	100	100	78	78	11	11.7	7.6	11.3	5.4	11.3	89	1	330	1	15	1
5	53.5	13.4	11	169	57	42	12	0.9	5	5	7	0	5	100	55	55	0	0	0	13.4	10.0	0.0	0.0	0.0	89	1	441	1	26	1
6	28.2	7.0	14	173	23	12	12	1.7	7	5	7	0	5	21	0	0	0	0	0	0.0	0.0	0.0	0.0	0.0	89	2	595	1	38	1
7	77.9	19.5	13	182	76	52	29	1.5	7	5	29	0	0	100	85	69	23	23	0	13.9	13.6	13.3	7.9	0.0	89	2	738	1	68	1
8	27.1	6.8	18	185	44	28	13	2.0	8	5	13	0	0	83	44	0	0	0	0	7.3	0.0	0.0	0.0	0.0	89	2	936	1	81	1
9	102.8	25.7	39	192	90	59	49	1.9	8	5	49	0	0	95	90	79	54	31	5	14.3	13.2	13.1	12.4	13.2	89	2	1365	1	130	1
10	65.8	18.6	1	192	52	52	22	1.2	8	5	17	0	5	100	100	100	0	0	0	18.5	16.8	0.0	0.0	0.0	89	2	1376	1	152	1
11	43.6	10.9	20	194	38	27	27	2.5	10	6	19	3	5	90	35	0	0	0	0	10.9	0.0	0.0	0.0	0.0	89	2	1609	1	180	1
12	51.3	12.8	18	194	39	34	25	1.9	13	7	14	10	0	100	72	0	0	0	0	14.4	0.0	0.0	0.0	0.0	89	2	1825	1	205	1
13	52.7	13.2	21	202	77	50	23	1.8	17	8	10	14	0	95	86	81	33	5	0	7.6	7.2	8.6	8.3	0.0	89	2	2077	1	228	1
14	100.8	25.2	33	203	93	81	45	1.8	21	9	12	33	0	100	100	97	94	91	33	14.2	10.9	15.5	12.7	12.5	89	3	2473	1	273	1
15	58.1	14.5	16	133	71	45	18	1.2	21	10	0	13	5	100	75	75	31	31	0	13.0	6.2	12.8	6.3	0.0	89	3	2665	1	290	1
16	23.2	7.9	22	224	14	11	11	1.4	22	10	0	11	0	0	0	0	0	0	0	0.0	0.0	0.0	0.0	0.0	89	3	2929	1	301	1
17	66.9	16.7	19	133	86	71	21	1.3	21	10	0	21	0	100	95	95	84	84	37	12.7	6.1	12.6	6.2	12.3	89	3	3141	1	323	1
18	21.9	5.4	14	251	11	9	8	1.5	20	10	0	8	0	0	0	0	0	0	0	0.0	0.0	0.0	0.0	0.0	89	3	3295	1	331	1
19	105.0	26.2	36	257	70	44	50	1.9	23	10	0	50	0	97	97	58	22	3	0	14.4	16.1	19.2	15.7	0.0	89	3	3691	1	381	1
20	56.5	43.2	1	317	27	27	26	0.6	37	10	14	3	9	100	100	0	0	0	0	18.2	0.0	0.0	0.0	0.0	89	3	3703	1	407	1
21	42.3	10.5	18	317	19	10	32	3.0	41	11	22	5	5	22	0	0	0	0	0	0.0	0.0	0.0	0.0	0.0	89	3	3919	1	439	1
22	45.0	42.1	16	317	32	20	29	0.7	38	12	20	9	0	81	0	0	0	0	0	0.0	0.0	0.0	0.0	0.0	89	3	4111	1	467	1
23	96.2	44.1	21	322	76	58	61	1.4	38	13	37	24	0	100	90	86	52	14	0	10.0	21.6	24.8	11.6	0.0	89	3	4363	1	528	1
24	51.7	12.9	21	326	50	29	30	2.3	35	14	18	11	0	90	71	19	0	0	0	7.6	17.1	0.0	0.0	0.0	89	4	4615	1	558	1
25	61.4	15.3	21	133	89	76	14	0.9	29	15	8	5	0	100	100	100	95	95	43	11.4	5.4	10.9	5.3	10.5	89	4	4851	1	572	1
26	180.6	59.4	20	371	100	68	98	1.7	45	15	43	39	15	95	80	70	55	55	50	19.1	40.9	42.0	11.1	16.4	44	4	4971	10	670	1
27	164.8	41.2	18	393	79	45	89	2.2	47	15	20	56	14	83	72	50	28	22	0	21.8	45.6	41.7	9.9	0.0	44	4	5151	10	759	1
28	70.2	17.5	25	133	100	75	18	1.0	48	15	5	12	2	100	96	96	88	88	56	12.4	6.2	12.2	5.9	12.2	40	4	5425	11	777	1
29	31.3	7.8	14	423	7	5	12	1.6	38	15	5	7	1	0	0	0	0	0	0	0.0	0.0	0.0	0.0	0.0	40	4	5579	11	789	1
30	57.8	14.4	1	133	72	72	16	1.1	37	15	2	8	6	100	100	100	100	100	0	15.4	5.8	15.2	6.1	0.0	40	4	5590	11	805	1
31	98.2	24.5	8	449	31	14	43	1.7	54	16	5	31	8	38	25	0	0	0	0	32.5	0.0	0.0	0.0	0.0	40	4	5678	11	851	1
32	186.2	46.5	9	463	79	34	78	1.7	68	17	0	53	25	78	78	22	11	11	0	27.6	56.7	29.7	17.3	0.0	40	4	5777	11	929	1
[Руда по вышкам за раунд] (игр. время раунда 2213.6 с)
вышка	def_id	руда_всего	руда_сек
Вивид Малахит	TOWER_VIVID_MALACHITE	126.0	0.06
Сильвер Найт	TOWER_SILVER_KNIGHT	117.8	0.05
Сильвер	TOWER_SILVER	112.7	0.05
Либра	TOWER_LIBRA	87.4	0.04
Вулкан	TOWER_VOLCANO	85.1	0.04
Голд	TOWER_GOLD	84.8	0.04
Малахит	TOWER_MALACHITE	73.7	0.03
NE (Снижение маг. брони) Lv.1	NE1	22.0	0.01
Грус	TOWER_GRUSS	20.2	0.01
PA (Сплит-физ.) Lv.2	PA2	16.9	0.01
PE (Сплит-маг.) Lv.1	PE1	14.9	0.01
NU (Яд) Lv.2	NU2	14.4	0.01
NA (Снижение физ. брони) Lv.3	NA3	13.6	0.01
PO (Сплит-чист.) Lv.1	PO1	13.0	0.01
NA (Снижение физ. брони) Lv.1	NA1	12.3	0.01
PO (Сплит-чист.) Lv.2	PO2	11.3	0.01
TO (Чист. атака) Lv.1	TO1	10.8	0.00
Jade (Яд)	TOWER_JADE	7.7	0.00
DA (Аура урона) Lv.2	DA2	5.8	0.00
TA (Физ. атака) Lv.1	TA1	5.7	0.00
NU (Яд) Lv.1	NU1	2.4	0.00
PA (Сплит-физ.) Lv.1	PA1	2.0	0.00
Аурига	TOWER_AURIGA	2.0	0.00
Стена	TOWER_WALL	0.6	0.00
